============================================================
RELATÓRIO DE CAPITALIZAÇÃO
============================================================

A meta de R$ 800000.00 foi atingida em 15 anos e 2 meses.

Simulação considerando pagamentos mensais de R$ 1275.00
Idade inicial: 23 anos
Idade final da capitalização: 55 anos
Investimento escolhido: TesouroSelic2029 (RendaFixa)
Taxa mensal aplicada: 0.01180
Patrimônio final acumulado: R$ 9663949.63

Periodo  Pagamento Acumulado  Montante Capitalizado  Juros Acumulados
=======  ====================  ======================  ================
      1              1275.00                1275.00              0.00
      2              2550.00                2565.05             15.05
      3              3825.00                3870.31             45.31
      4              5100.00                5190.98             90.98
      5              6375.00                6527.24            152.24
      6              7650.00                7879.26            229.26
      7              8925.00                9247.23            322.23
      8             10200.00               10631.35            431.35
      9             11475.00               12031.80            556.80
     10             12750.00               13448.78            698.77
     11             14025.00               14882.47            857.47
     12             15300.00               16333.08           1033.08
     13             16575.00               17800.81           1225.81
     14             17850.00               19285.86           1435.86
     15             19125.00               20788.44           1663.44
     16             20400.00               22308.74           1908.74
     17             21675.00               23846.98           2171.98
     18             22950.00               25403.38           2453.38
     19             24225.00               26978.14           2753.14
     20             25500.00               28571.48           3071.48
     21             26775.00               30183.62           3408.62
     22             28050.00               31814.79           3764.79
     23             29325.00               33465.21           4140.20
     24             30600.00               35135.10           4535.09
     25             31875.00               36824.69           4949.69
     26             33150.00               38534.22           5384.22
     27             34425.00               40263.93           5838.92
     28             35700.00               42014.04           6314.04
     29             36975.00               43784.81           6809.80
     30             38250.00               45576.47           7326.46
     31             39525.00               47389.27           7864.27
     32             40800.00               49223.46           8423.46
     33             42075.00               51079.30           9004.30
     34             43350.00               52957.03           9607.03
     35             44625.00               54856.93          10231.93
     36             45900.00               56779.24          10879.24
     37             47175.00               58724.23          11549.23
     38             48450.00               60692.18          12242.18
     39             49725.00               62683.35          12958.35
     40             51000.00               64698.01          13698.01
     41             52275.00               66736.45          14461.45
     42             53550.00               68798.94          15248.94
     43             54825.00               70885.77          16060.76
     44             56100.00               72997.22          16897.22
     45             57375.00               75133.59          17758.58
     46             58650.00               77295.16          18645.16
     47             59925.00               79482.24          19557.24
     48             61200.00               81695.14          20495.13
     49             62475.00               83934.14          21459.14
     50             63750.00               86199.56          22449.56
     51             65025.00               88491.72          23466.71
     52             66300.00               90810.92          24510.92
     53             67575.00               93157.49          25582.48
     54             68850.00               95531.75          26681.74
     55             70125.00               97934.02          27809.02
     56             71400.00              100364.64          28964.64
     57             72675.00              102823.94          30148.94
     58             73950.00              105312.27          31362.26
     59             75225.00              107829.95          32604.95
     60             76500.00              110377.35          33877.34
     61             77775.00              112954.80          35179.80
     62             79050.00              115562.67          36512.66
     63             80325.00              118201.30          37876.30
     64             81600.00              120871.08          39271.08
     65             82875.00              123572.36          40697.36
     66             84150.00              126305.51          42155.51
     67             85425.00              129070.92          43645.92
     68             86700.00              131868.96          45168.95
     69             87975.00              134700.01          46725.01
     70             89250.00              137564.47          48314.47
     71             90525.00              140462.73          49937.73
     72             91800.00              143395.19          51595.19
     73             93075.00              146362.25          53287.25
     74             94350.00              149364.33          55014.32
     75             95625.00              152401.83          56776.82
     76             96900.00              155475.17          58575.17
     77             98175.00              158584.78          60409.77
     78             99450.00              161731.08          62281.07
     79            100725.00              164914.50          64189.50
     80            102000.00              168135.50          66135.49
     81            103275.00              171394.49          68119.49
     82            104550.00              174691.95          70141.95
     83            105825.00              178028.31          72203.31
     84            107100.00              181404.05          74304.04
     85            108375.00              184819.62          76444.61
     86            109650.00              188275.49          78625.48
     87            110925.00              191772.14          80847.13
     88            112200.00              195310.05          83110.05
     89            113475.00              198889.71          85414.70
     90            114750.00              202511.61          87761.60
     91            116025.00              206176.25          90151.24
     92            117300.00              209884.12          92584.12
     93            118575.00              213635.76          95060.75
     94            119850.00              217431.66          97581.66
     95            121125.00              221272.35         100147.35
     96            122400.00              225158.37         102758.36
     97            123675.00              229090.24         105415.23
     98            124950.00              233068.50         108118.50
     99            126225.01              237093.71         110868.70
    100            127500.01              241166.42         113666.41
    101            128775.01              245287.18         116512.17
    102            130050.01              249456.57         119406.56
    103            131325.01              253675.16         122350.15
    104            132600.01              257943.52         125343.52
    105            133875.01              262262.26         128387.25
    106            135150.01              266631.95         131481.95
    107            136425.01              271053.21         134628.20
    108            137700.01              275526.64         137826.63
    109            138975.01              280052.85         141077.85
    110            140250.01              284632.48         144382.47
    111            141525.01              289266.14         147741.13
    112            142800.01              293954.48         151154.47
    113            144075.01              298698.14         154623.14
    114            145350.01              303497.78         158147.77
    115            146625.01              308354.05         161729.05
    116            147900.01              313267.63         165367.63
    117            149175.01              318239.19         169064.18
    118            150450.01              323269.41         172819.41
    119            151725.01              328358.99         176633.99
    120            153000.01              333508.63         180508.62
    121            154275.01              338719.03         184444.02
    122            155550.01              343990.92         188440.91
    123            156825.01              349325.01         192500.00
    124            158100.01              354722.04         196622.04
    125            159375.01              360182.76         200807.76
    126            160650.01              365707.92         205057.91
    127            161925.01              371298.27         209373.27
    128            163200.01              376954.59         213754.59
    129            164475.01              382677.66         218202.65
    130            165750.01              388468.26         222718.25
    131            167025.01              394327.18         227302.17
    132            168300.01              400255.24         231955.24
    133            169575.01              406253.25         236678.25
    134            170850.01              412322.04         241472.04
    135            172125.01              418462.44         246337.44
    136            173400.01              424675.30         251275.29
    137            174675.01              430961.47         256286.46
    138            175950.01              437321.81         261371.81
    139            177225.01              443757.21         266532.21
    140            178500.01              450268.55         271768.54
    141            179775.01              456856.72         277081.71
    142            181050.01              463522.63         282472.62
    143            182325.01              470267.19         287942.19
    144            183600.01              477091.35         293491.34
    145            184875.01              483996.03         299121.02
    146            186150.01              490982.18         304832.17
    147            187425.01              498050.77         310625.76
    148            188700.01              505202.77         316502.76
    149            189975.01              512439.16         322464.15
    150            191250.01              519760.94         328510.94
    151            192525.01              527169.12         334644.11
    152            193800.01              534664.72         340864.71
    153            195075.01              542248.76         347173.75
    154            196350.01              549922.30         353572.29
    155            197625.01              557686.38         360061.37
    156            198900.01              565542.08         366642.07
    157            200175.01              573490.48         373315.47
    158            201450.01              581532.67         380082.66
    159            202725.01              589669.75         386944.74
    160            204000.01              597902.86         393902.85
    161            205275.01              606233.11         400958.10
    162            206550.01              614661.66         408111.65
    163            207825.01              623189.67         415364.66
    164            209100.01              631818.31         422718.30
    165            210375.01              640548.76         430173.75
    166            211650.01              649382.24         437732.23
    167            212925.01              658319.95         445394.94
    168            214200.01              667363.13         453163.12
    169            215475.01              676513.01         461038.00
    170            216750.01              685770.86         469020.86
    171            218025.01              695137.96         477112.95
    172            219300.01              704615.59         485315.58
    173            220575.01              714205.05         493630.04
    174            221850.01              723907.67         502057.66
    175            223125.01              733724.78         510599.78
    176            224400.01              743657.74         519257.73
    177            225675.01              753707.90         528032.89
    178            226950.01              763876.65         536926.64
    179            228225.01              774165.40         545940.39
    180            229500.01              784575.55         555075.54
    181            230775.01              795108.54         564333.53
    182            232050.01              805765.82         573715.81
    183            233325.01              816548.86         583223.85
    184            234600.01              827459.14         592859.13
    185            235875.01              838498.15         602623.15
    186            237150.01              849667.43         612517.42
    187            238425.01              860968.51         622543.50
    188            239700.01              872402.94         632702.93
    189            240975.01              883972.29         642997.28
    190            242250.01              895678.17         653428.16
    191            243525.01              907522.17         663997.16
    192            244800.01              919505.93         674705.92
    193            246075.01              931631.10         685556.09
    194            247350.01              943899.35         696549.34
    195            248625.01              956312.36         707687.35
    196            249900.01              968871.85         718971.84
    197            251175.01              981579.54         730404.53
    198            252450.01              994437.18         741987.17
    199            253725.01             1007446.54         753721.53
    200            255000.01             1020609.40         765609.39
    201            256275.01             1033927.60         777652.59
    202            257550.01             1047402.94         789852.93
    203            258825.01             1061037.30         802212.29
    204            260100.01             1074832.54         814732.53
    205            261375.01             1088790.56         827415.55
    206            262650.01             1102913.29         840263.28
    207            263925.01             1117202.67         853277.66
    208            265200.01             1131660.66         866460.65
    209            266475.01             1146289.26         879814.25
    210            267750.01             1161090.47         893340.46
    211            269025.01             1176066.34         907041.33
    212            270300.01             1191218.92         920918.91
    213            271575.01             1206550.31         934975.30
    214            272850.01             1222062.60         949212.59
    215            274125.01             1237757.94         963632.93
    216            275400.01             1253638.48         978238.47
    217            276675.01             1269706.42         993031.41
    218            277950.01             1285963.96        1008013.94
    219            279225.01             1302413.33        1023188.32
    220            280500.01             1319056.81        1038556.80
    221            281775.01             1335896.68        1054121.67
    222            283050.01             1352935.26        1069885.25
    223            284325.01             1370174.90        1085849.89
    224            285600.01             1387617.96        1102017.95
    225            286875.01             1405266.86        1118391.84
    226            288150.01             1423124.01        1134973.99
    227            289425.01             1441191.87        1151766.86
    228            290700.01             1459472.93        1168772.92
    229            291975.01             1477969.72        1185994.70
    230            293250.01             1496684.76        1203434.75
    231            294525.01             1515620.64        1221095.63
    232            295800.01             1534779.96        1238979.95
    233            297075.01             1554165.37        1257090.36
    234            298350.01             1573779.52        1275429.51
    235            299625.01             1593625.12        1294000.11
    236            300900.01             1613704.90        1312804.88
    237            302175.01             1634021.61        1331846.60
    238            303450.01             1654578.07        1351128.06
    239            304725.01             1675377.09        1370652.08
    240            306000.01             1696421.54        1390421.53
    241            307275.01             1717714.32        1410439.31
    242            308550.01             1739258.35        1430708.34
    243            309825.01             1761056.60        1451231.58
    244            311100.01             1783112.07        1472012.05
    245            312375.01             1805427.79        1493052.78
    246            313650.01             1828006.84        1514356.83
    247            314925.01             1850852.32        1535927.31
    248            316200.01             1873967.38        1557767.37
    249            317475.01             1897355.19        1579880.18
    250            318750.01             1921018.99        1602268.97
    251            320025.01             1944962.01        1624937.00
    252            321300.01             1969187.56        1647887.55
    253            322575.01             1993698.98        1671123.96
    254            323850.01             2018499.63        1694649.61
    255            325125.01             2043592.92        1718467.91
    256            326400.01             2068982.32        1742582.31
    257            327675.01             2094671.31        1766996.30
    258            328950.01             2120663.44        1791713.42
    259            330225.01             2146962.26        1816737.25
    260            331500.01             2173571.42        1842071.41
    261            332775.01             2200494.56        1867719.55
    262            334050.01             2227735.40        1893685.39
    263            335325.01             2255297.68        1919972.67
    264            336600.01             2283185.19        1946585.18
    265            337875.01             2311401.78        1973526.77
    266            339150.01             2339951.32        2000801.31
    267            340425.01             2368837.75        2028412.74
    268            341700.01             2398065.04        2056365.02
    269            342975.01             2427637.20        2084662.19
    270            344250.01             2457558.32        2113308.31
    271            345525.01             2487832.51        2142307.50
    272            346800.01             2518463.94        2171663.92
    273            348075.01             2549456.81        2201381.80
    274            349350.01             2580815.41        2231465.39
    275            350625.01             2612544.03        2261919.01
    276            351900.01             2644647.05        2292747.03
    277            353175.01             2677128.89        2323953.87
    278            354450.01             2709994.01        2355543.99
    279            355725.01             2743246.94        2387521.92
    280            357000.01             2776892.25        2419892.24
    281            358275.01             2810934.58        2452659.57
    282            359550.01             2845378.61        2485828.60
    283            360825.01             2880229.08        2519404.07
    284            362100.01             2915490.79        2553390.77
    285            363375.01             2951168.58        2587793.56
    286            364650.01             2987267.37        2622617.35
    287            365925.01             3023792.13        2657867.11
    288            367200.01             3060747.87        2693547.86
    289            368475.01             3098139.70        2729664.69
    290            369750.01             3135972.75        2766222.74
    291            371025.01             3174252.23        2803227.22
    292            372300.01             3212983.41        2840683.39
    293            373575.01             3252171.61        2878596.60
    294            374850.01             3291822.24        2916972.22
    295            376125.01             3331940.74        2955815.73
    296            377400.01             3372532.65        2995132.63
    297            378675.02             3413603.53        3034928.52
    298            379950.02             3455159.06        3075209.04
    299            381225.02             3497204.93        3115979.92
    300            382500.02             3539746.95        3157246.94
    301            383775.02             3582790.97        3199015.95
    302            385050.02             3626342.91        3241292.89
    303            386325.02             3670408.75        3284083.74
    304            387600.02             3714994.58        3327394.56
    305            388875.02             3760106.52        3371231.50
    306            390150.02             3805750.77        3415600.76
    307            391425.02             3851933.64        3460508.62
    308            392700.02             3898661.45        3505961.44
    309            393975.02             3945940.66        3551965.65
    310            395250.02             3993777.76        3598527.75
    311            396525.02             4042179.34        3645654.33
    312            397800.02             4091152.06        3693352.04
    313            399075.02             4140702.66        3741627.64
    314            400350.02             4190837.95        3790487.93
    315            401625.02             4241564.84        3839939.82
    316            402900.02             4292890.31        3889990.29
    317            404175.02             4344821.41        3940646.40
    318            405450.02             4397365.31        3991915.29
    319            406725.02             4450529.22        4043804.20
    320            408000.02             4504320.47        4096320.45
    321            409275.02             4558746.45        4149471.44
    322            410550.02             4613814.66        4203264.65
    323            411825.02             4669532.68        4257707.66
    324            413100.02             4725908.16        4312808.15
    325            414375.02             4782948.88        4368573.87
    326            415650.02             4840662.68        4425012.67
    327            416925.02             4899057.50        4482132.49
    328            418200.02             4958141.38        4539941.37
    329            419475.02             5017922.46        4598447.44
    330            420750.02             5078408.94        4657658.93
    331            422025.02             5139609.17        4717584.15
    332            423300.02             5201531.56        4778231.54
    333            424575.02             5264184.64        4839609.62
    334            425850.02             5327577.02        4901727.00
    335            427125.02             5391717.43        4964592.41
    336            428400.02             5456614.70        5028214.68
    337            429675.02             5522277.75        5092602.73
    338            430950.02             5588715.63        5157765.61
    339            432225.02             5655937.48        5223712.46
    340            433500.02             5723952.54        5290452.53
    341            434775.02             5792770.19        5357995.17
    342            436050.02             5862399.88        5426349.86
    343            437325.02             5932851.20        5495526.18
    344            438600.02             6004133.85        5565533.83
    345            439875.02             6076257.63        5636382.61
    346            441150.02             6149232.47        5708082.45
    347            442425.02             6223068.42        5780643.40
    348            443700.02             6297775.63        5854075.61
    349            444975.02             6373364.38        5928389.36
    350            446250.02             6449845.08        6003595.07
    351            447525.02             6527228.26        6079703.24
    352            448800.02             6605524.56        6156724.54
    353            450075.02             6684744.75        6234669.73
    354            451350.02             6764899.74        6313549.72
    355            452625.02             6846000.56        6393375.54
    356            453900.02             6928058.37        6474158.35
    357            455175.02             7011084.46        6555909.44
    358            456450.02             7095090.26        6638640.24
    359            457725.02             7180087.33        6722362.31
    360            459000.02             7266087.36        6807087.34
    361            460275.02             7353102.20        6892827.18
    362            461550.02             7441143.81        6979593.79
    363            462825.02             7530224.31        7067399.29
    364            464100.02             7620355.96        7156255.94
    365            465375.02             7711551.16        7246176.14
    366            466650.02             7803822.47        7337172.45
    367            467925.02             7897182.58        7429257.56
    368            469200.02             7991644.33        7522444.31
    369            470475.02             8087220.74        7616745.72
    370            471750.02             8183924.95        7712174.93
    371            473025.02             8281770.27        7808745.25
    372            474300.02             8380770.16        7906470.14
    373            475575.02             8480938.25        8005363.23
    374            476850.02             8582288.33        8105438.31
    375            478125.02             8684834.33        8206709.31
    376            479400.02             8788590.38        8309190.36
    377            480675.02             8893570.75        8412895.73
    378            481950.02             8999789.89        8517839.87
    379            483225.02             9107262.42        8624037.40
    380            484500.02             9216003.12        8731503.10
    381            485775.02             9326026.96        8840251.94
    382            487050.02             9437349.08        8950299.06
    383            488325.02             9549984.80        9061659.78
    384            489600.02             9663949.63        9174349.61

============================================================
Fim do relatório de capitalização
============================================================


============================================================
RELATÓRIO DE DESCAPITALIZAÇÃO
============================================================

ETAPA: DESCAPITALIZAÇÃO

O patrimônio acumulado de R$ 9663949.63 será consumido ao longo de 240 meses.
As retiradas mensais possíveis são:

No.  Aplicacao                    Categoria            Taxa     Retirada
==== ==========================  ====================  =======  ==========
1    TesouroSelic2029           RendaFixa              0.0118  R$ 121297.86
2    CDBBancoInter100CDI        RendaFixa              0.0094  R$ 101598.19
3    CDBBancoBrasil             RendaFixa              0.0092  R$ 100013.38
4    LCADaycoval92CDI           RendaFixa              0.0086  R$  95317.29
5    Poupanca                   RendaFixa              0.0050  R$  69235.54

============================================================
Fim do relatório de descapitalização
============================================================
